 # VARIABLES=ITER,ERROR
           1   1.0000000000000000     
           2  0.89658938809911859     
           3  0.81653709774084504     
           4  0.76594296611690116     
           5  0.74362659658582297     
           6  0.73311094832977064     
           7  0.71756265673559927     
           8  0.68701959401735546     
           9  0.63950028649993662     
          10  0.59575786128985486     
          11  0.60763809148179193     
          12  0.64347551126094749     
          13  0.69052093511013490     
          14  0.62111057719229379     
          15  0.48773783021302092     
          16  0.37962265884803287     
          17  0.30749639364055076     
          18  0.24946265722434866     
          19  0.20861628668740348     
          20  0.18597701800643518     
          21  0.16522289274437968     
          22  0.14690525674378452     
          23  0.13434000925714426     
          24  0.12677583848347251     
          25  0.12223553234470877     
          26  0.11886018635261131     
          27  0.11575134736916305     
          28  0.11252897538672457     
          29  0.10929058665985224     
          30  0.10618283545724234     
          31  0.10337854754303653     
          32  0.10034071979668586     
          33   9.7671199381037840E-002
          34   9.4873296618897054E-002
          35   9.2218186166236449E-002
          36   8.9567205430863384E-002
          37   8.6999828270821922E-002
          38   8.4490975660223622E-002
          39   8.2333166632585900E-002
          40   8.0025085631968557E-002
          41   7.7893918028084416E-002
          42   7.6171599557043806E-002
          43   7.4241670212718311E-002
          44   7.2467326092912024E-002
          45   7.0762303382578925E-002
          46   6.9139926672681165E-002
          47   6.7800349114454289E-002
          48   6.6114509112718739E-002
          49   6.4466530736453864E-002
          50   6.3257214311293761E-002
          51   6.1732605891050479E-002
          52   6.0367837219711125E-002
          53   5.9083216139313659E-002
          54   5.7922445675426433E-002
          55   5.7148352957376920E-002
          56   5.5984425830884324E-002
          57   5.4896419550283536E-002
          58   5.4302133170891199E-002
          59   5.3375132480800509E-002
          60   5.2552505943427127E-002
          61   5.1785011499825929E-002
          62   5.1115592563130412E-002
          63   5.0767808318324358E-002
          64   4.9953090283293762E-002
          65   4.9192134860639537E-002
          66   4.8613778916060273E-002
          67   4.8370179051847775E-002
          68   4.7682146419737968E-002
          69   4.7057634828144283E-002
          70   4.6572647578862258E-002
          71   4.6484072808078557E-002
          72   4.5860609802344986E-002
          73   4.5276793899448151E-002
          74   4.4815334024433870E-002
          75   4.4528898641930520E-002
          76   4.4414952776526906E-002
          77   4.3824645745673192E-002
          78   4.3416056146097289E-002
          79   4.3385028815552715E-002
          80   4.2883225592609125E-002
          81   4.2425135298902510E-002
          82   4.2082284065377416E-002
          83   4.1816121614875565E-002
          84   4.1614254246268301E-002
          85   4.1650728656119816E-002
          86   4.1189707159148714E-002
          87   4.0975335839891124E-002
          88   4.1109641613402588E-002
          89   4.0718279657839813E-002
          90   4.0327367827135405E-002
          91   4.0057028160431517E-002
          92   3.9856453278582553E-002
          93   3.9608673229561436E-002
          94   3.9443351288739895E-002
          95   3.9488460270139400E-002
          96   3.9121484537414972E-002
          97   3.9209435760684010E-002
          98   3.8661334057023100E-002
          99   3.8305418083495774E-002
         100   3.8015481223960507E-002
         101   3.7777442128276405E-002
         102   3.7495083563921949E-002
         103   3.7208079251403757E-002
         104   3.7065915769489803E-002
         105   3.7312493176536815E-002
         106   3.7346262673223767E-002
         107   3.6884834200357916E-002
         108   3.6589936003505394E-002
         109   3.6528448930184261E-002
         110   3.6497758724977999E-002
         111   3.6403932357494596E-002
         112   3.6299894776904235E-002
         113   3.6213882360241818E-002
         114   3.6319703336231461E-002
         115   3.7061369124820491E-002
         116   3.6529670194475464E-002
         117   3.6298767017417695E-002
         118   3.6139197151871499E-002
         119   3.6128729996571712E-002
         120   3.5986583882828098E-002
         121   3.5746544188373940E-002
         122   3.5476715650466673E-002
         123   3.5209067206034415E-002
         124   3.5129406578070108E-002
         125   3.5675540515305963E-002
         126   3.4968827842273682E-002
         127   3.4525281100010158E-002
         128   3.4199241964048270E-002
         129   3.4066168444524071E-002
         130   3.3781861467216824E-002
         131   3.3432847765181337E-002
         132   3.3081834123668649E-002
         133   3.2776302578475733E-002
         134   3.2731667329754160E-002
         135   3.3318791320342683E-002
         136   3.2582720768085945E-002
         137   3.2147268942491460E-002
         138   3.1841552679849693E-002
         139   3.1757307420773782E-002
         140   3.1520073470235409E-002
         141   3.1230582735496979E-002
         142   3.0931304187792562E-002
         143   3.0685060696928237E-002
         144   3.0750251772730011E-002
         145   3.1377859411580444E-002
         146   3.0634865401493162E-002
         147   3.0214914961114562E-002
         148   2.9914114841536853E-002
         149   2.9821705128301148E-002
         150   2.9593578744679171E-002
         151   2.9287136021858878E-002
         152   2.8953250235318920E-002
         153   2.8661468406358491E-002
         154   2.8709208743390748E-002
         155   2.9330623895702564E-002
         156   2.8498613298684704E-002
         157   2.8047284559612959E-002
         158   2.7684529227825085E-002
         159   2.7557442083805929E-002
         160   2.7307546352042272E-002
         161   2.6955326085445409E-002
         162   2.6602768191537871E-002
         163   2.6328166659666315E-002
         164   2.6296884220595826E-002
         165   2.6745495428768987E-002
         166   2.6685108338062275E-002
         167   2.6111796139631837E-002
         168   2.5805632331923904E-002
         169   2.5608577663034666E-002
         170   2.5487994439283360E-002
         171   2.5283795115577330E-002
         172   2.5044576100560483E-002
         173   2.4824591296935542E-002
         174   2.4860484809333786E-002
         175   2.5245744617191073E-002
         176   2.4902753224998252E-002
         177   2.5164086413991517E-002
         178   2.4705409914288844E-002
         179   2.4562847709620594E-002
         180   2.4325935713761664E-002
         181   2.4228681336783665E-002
         182   2.4065885617054642E-002
         183   2.3871757673110831E-002
         184   2.3676339241031744E-002
         185   2.3798761985949931E-002
         186   2.4255318182409523E-002
         187   2.3950187687909207E-002
         188   2.4198224684902871E-002
         189   2.3731495884876642E-002
         190   2.3598733876486856E-002
         191   2.3349322429532766E-002
         192   2.3225800030390750E-002
         193   2.3031968484710331E-002
         194   2.2774859245933955E-002
         195   2.2537011316643516E-002
         196   2.2651567763922308E-002
         197   2.3103002938379993E-002
         198   2.2795998064698099E-002
         199   2.3011864778966523E-002
         200   2.2512575670660225E-002
         201   2.2381589567341244E-002
         202   2.2152168855187514E-002
         203   2.2035898635636618E-002
         204   2.1891091962490429E-002
         205   2.1640496236653709E-002
         206   2.1434390416215521E-002
         207   2.1606241780718440E-002
         208   2.2094642183166438E-002
         209   2.1789457877870528E-002
         210   2.2061834308930175E-002
         211   2.1554151117118954E-002
         212   2.1436934168646428E-002
         213   2.1207996753431480E-002
         214   2.1089081492054795E-002
         215   2.0889676171037225E-002
         216   2.0661311699874819E-002
         217   2.0464002359522306E-002
         218   2.0636412909266110E-002
         219   2.1123823690212280E-002
         220   2.0701833356121257E-002
         221   2.1035290981944708E-002
         222   2.0481288804467767E-002
         223   2.0341268447219896E-002
         224   2.0098221662159483E-002
         225   1.9967289886015243E-002
         226   1.9750608308727022E-002
         227   1.9506793705875963E-002
         228   1.9301568106978639E-002
         229   1.9473445486010713E-002
         230   1.9985678884914277E-002
         231   1.9536943974600082E-002
         232   1.9864872256990504E-002
         233   1.9264761517986041E-002
         234   1.9095792612291555E-002
         235   1.8797318593066565E-002
         236   1.8642655960592402E-002
         237   1.8403202659693720E-002
         238   1.8122307801588196E-002
         239   1.7877686220369615E-002
         240   1.7670118203522926E-002
         241   1.7905857688350787E-002
         242   1.8675846150611613E-002
         243   1.8715258228850461E-002
         244   1.7945691711738748E-002
         245   1.7551926418929123E-002
         246   1.7378876527707268E-002
         247   1.7307265944846113E-002
         248   1.7051821176973396E-002
         249   1.6811973896012827E-002
         250   1.6522774026490425E-002
         251   1.6336470156129268E-002
         252   1.6193845812081657E-002
         253   1.6834794295471484E-002
         254   1.8152273902202552E-002
         255   1.7148834622358802E-002
         256   1.6660750148630381E-002
         257   1.6289013385052627E-002
         258   1.6399052031449986E-002
         259   1.6229013944629393E-002
         260   1.5958998937662439E-002
         261   1.5632425850455073E-002
         262   1.5389177553564342E-002
         263   1.5213245100184547E-002
         264   1.5339892154944350E-002
         265   1.6486860221572211E-002
         266   1.6752984731546194E-002
         267   1.5981881215044010E-002
         268   1.5427398741946968E-002
         269   1.5272786835928129E-002
         270   1.5276957049383323E-002
         271   1.5018965963305597E-002
         272   1.4637093690856520E-002
         273   1.4351157329659496E-002
         274   1.4129871396641371E-002
         275   1.4355920783487528E-002
         276   1.5005128460791349E-002
         277   1.4933087990521093E-002
         278   1.5574832947383812E-002
         279   1.4745096511866567E-002
         280   1.4463449880586666E-002
         281   1.4232940760884402E-002
         282   1.4152099224044415E-002
         283   1.3892572970243454E-002
         284   1.3579229143487838E-002
         285   1.3317208568072924E-002
         286   1.3514370549649353E-002
         287   1.4160378595137128E-002
         288   1.3501463729035271E-002
         289   1.3776768959286086E-002
         290   1.4431760341135608E-002
         291   1.3795347358029611E-002
         292   1.3358818052948255E-002
         293   1.2968901185043043E-002
         294   1.2829596486770563E-002
         295   1.2598302428161522E-002
         296   1.2301379769250513E-002
         297   1.2506018013809026E-002
         298   1.3176721154859870E-002
         299   1.2441158785618472E-002
         300   1.2152201322110883E-002
         301   1.2496325870993551E-002
         302   1.3534926216401547E-002
         303   1.2779891770721067E-002
         304   1.2193241532627389E-002
         305   1.1812693585101846E-002
         306   1.1813833709347528E-002
         307   1.1648332113514733E-002
         308   1.1841271603547126E-002
         309   1.2577697205662547E-002
         310   1.1802986370239420E-002
         311   1.1500762930385360E-002
         312   1.1218950558737074E-002
         313   1.1953705439383365E-002
         314   1.2881311073929978E-002
         315   1.1964347290864881E-002
         316   1.1427262747724924E-002
         317   1.1094227303435910E-002
         318   1.1132958439295185E-002
         319   1.1424442160488487E-002
         320   1.2177886246625946E-002
         321   1.1355603044642651E-002
         322   1.0986887597307943E-002
         323   1.0644469333878437E-002
         324   1.0661981318237777E-002
         325   1.1213410767672348E-002
         326   1.2118189789132858E-002
         327   1.1112168440150009E-002
         328   1.0605597851809595E-002
         329   1.0267205925122197E-002
         330   1.0808645830242653E-002
         331   1.1728806308804671E-002
         332   1.0815921365568781E-002
         333   1.0408511584572960E-002
         334   9.9895189731664166E-003
         335   9.9734413669973904E-003
         336   9.7994950001498438E-003
         337   1.0333090868889262E-002
         338   1.1366277749696858E-002
         339   1.0343154381456126E-002
         340   9.8491779199451276E-003
         341   1.0052766578350140E-002
         342   1.1268611518348763E-002
         343   1.0422769033288639E-002
         344   9.9874164509124643E-003
         345   9.5579190357478177E-003
         346   9.5076966787140532E-003
         347   9.2811472416170840E-003
         348   9.0155469125813882E-003
         349   9.6325882471506863E-003
         350   1.0766396816950905E-002
         351   9.7397481586470550E-003
         352   9.7974890929484800E-003
         353   1.0700470202378302E-002
         354   1.0058844360181469E-002
         355   9.7397976536239880E-003
         356   9.2566831291581077E-003
         357   9.1780839339518448E-003
         358   8.9067175693487138E-003
         359   8.5780705800286728E-003
         360   8.3244495917049188E-003
         361   9.0628009947802800E-003
         362   1.0298353233705985E-002
         363   9.7974902067020780E-003
         364   1.0543383737550866E-002
         365   9.4992702069242579E-003
         366   9.4355864876671768E-003
         367   9.1002068807295635E-003
         368   8.9909791861200929E-003
         369   8.6787429144669168E-003
         370   8.2819407998152746E-003
         371   7.9828240997887184E-003
         372   7.7678882535512058E-003
         373   8.5794436459656360E-003
         374   1.0422798928991239E-002
         375   1.0587393950680977E-002
         376   9.4028987401622837E-003
         377   8.9165595735327240E-003
         378   8.8310884732293923E-003
         379   8.8975828068142276E-003
         380   8.5477154018134514E-003
         381   8.1088032751298299E-003
         382   7.7521671633471369E-003
         383   7.5172793323023375E-003
         384   7.3403187812230543E-003
         385   8.8769133671015091E-003
         386   1.1305756432230063E-002
         387   9.6116307593078522E-003
         388   9.0038904717821069E-003
         389   8.4891118240634812E-003
         390   8.8299554122399579E-003
         391   8.6353706807717791E-003
         392   8.1639536734735320E-003
         393   7.7603097673996108E-003
         394   7.4385723857264751E-003
         395   7.1985530491096060E-003
         396   7.7804089348861129E-003
         397   9.9585291112760828E-003
         398   1.0403607937187545E-002
         399   9.2070464683469237E-003
         400   8.5263644245668520E-003
         401   8.4268785115708088E-003
         402   8.4941453853836120E-003
         403   8.1658730559693703E-003
         404   7.7074786596370102E-003
         405   7.3336482416925504E-003
         406   7.0234254785101324E-003
         407   7.5509252529439566E-003
         408   8.8715272854652891E-003
         409   8.8192058064314200E-003
         410   9.9689237204078161E-003
         411   8.6616743035627247E-003
         412   8.3644837690576672E-003
         413   7.9741494354370664E-003
         414   7.9399513511823408E-003
         415   7.6419881650605943E-003
         416   7.2237381143441968E-003
         417   6.8457769727016194E-003
         418   7.3568459177476260E-003
         419   8.6735325872489485E-003
         420   7.6088983143064648E-003
         421   8.3352003438306992E-003
         422   9.5098053315293956E-003
         423   8.5805022180074648E-003
         424   8.0187726658433548E-003
         425   7.4888452110425628E-003
         426   7.5067566645972859E-003
         427   7.2508544291517325E-003
         428   6.8389921919446220E-003
         429   6.5230007422094676E-003
         430   7.1023470162924511E-003
         431   8.5025332565730073E-003
         432   7.4241787871496554E-003
         433   8.1117123843380198E-003
         434   9.3119812466334571E-003
         435   8.3458818860043405E-003
         436   7.7695894239892685E-003
         437   7.2262513050690589E-003
         438   7.2382878709142005E-003
         439   6.9827019498670245E-003
         440   6.5844860037965105E-003
         441   6.2492015143130871E-003
         442   6.8709453984211431E-003
         443   8.2795653576415388E-003
         444   7.1897994969342049E-003
         445   7.9120770354325076E-003
         446   9.1263741039945487E-003
         447   8.1466769786804095E-003
         448   7.5788027226023590E-003
         449   7.0162537978386910E-003
         450   7.0314295267682025E-003
         451   6.7700569391807800E-003
         452   6.3376239937652902E-003
         453   5.9968310855641914E-003
         454   6.6813135786856735E-003
         455   8.1177373013969732E-003
         456   7.0075750256410191E-003
         457   7.7550562040458893E-003
         458   9.0093858525254217E-003
         459   8.0091279800679153E-003
         460   7.4186224409030135E-003
         461   6.8545730449220844E-003
         462   6.8743294770970886E-003
         463   6.6200869770415187E-003
         464   6.1854520999976926E-003
         465   5.8300253731329568E-003
         466   6.5430507865889120E-003
         467   7.9991767815498372E-003
         468   6.8728360868556618E-003
         469   7.6416582556762978E-003
         470   8.8937566367775188E-003
         471   7.8882635464923006E-003
         472   7.3020052692714240E-003
         473   6.7310679632014469E-003
         474   6.7577434513757598E-003
         475   6.4940604890193184E-003
         476   6.0670369275467352E-003
         477   5.6983240852158633E-003
         478   6.4393127947324214E-003
         479   7.9047319267503968E-003
         480   6.7639247747919599E-003
         481   7.5523275783764866E-003
         482   8.8192417668917604E-003
         483   7.8021628153693602E-003
         484   7.2060646829070207E-003
         485   6.6317308039737007E-003
         486   6.6590783455045795E-003
         487   6.3915281603018764E-003
         488   5.9477748352685664E-003
         489   5.5780736219378730E-003
         490   6.3480003272838800E-003
         491   7.8239567522818878E-003
         492   6.6717666354528162E-003
         493   7.4720956547378124E-003
         494   8.7517821723073486E-003
         495   7.7311077125397148E-003
         496   7.1342776907941299E-003
         497   6.5497453363647625E-003
         498   6.5776517752945685E-003
         499   6.3128028627230494E-003
         500   5.8625399229501798E-003
         501   5.4877023260647730E-003
         502   6.2630787808011391E-003
         503   7.7544983467408464E-003
         504   6.5888948393877274E-003
         505   7.4005954569831035E-003
         506   8.6898341228774552E-003
         507   7.6605066664194995E-003
         508   7.0588132645538386E-003
         509   6.4716657524338068E-003
         510   6.4961373871446721E-003
         511   6.2276390908289295E-003
         512   5.7675188129268397E-003
         513   5.3771764908825360E-003
         514   6.1810068713696893E-003
         515   7.6772262666107904E-003
         516   6.5042801327968901E-003
         517   7.3304759933772376E-003
         518   8.6238511603518777E-003
         519   7.5862872197793516E-003
         520   6.9790930021860426E-003
         521   6.3756578965193838E-003
         522   6.4076165801986622E-003
         523   6.1271947256602332E-003
         524   5.6644420381769993E-003
         525   5.2587393623385612E-003
         526   6.0821499296537926E-003
         527   7.5938887985226040E-003
         528   6.4030628339763014E-003
         529   7.2422028269786406E-003
         530   8.5523337358936469E-003
         531   7.5029736930878506E-003
         532   6.8903334531500039E-003
         533   6.2802295270810108E-003
         534   6.3066337107522781E-003
         535   6.0275043356007732E-003
         536   5.5525551428597057E-003
         537   5.1399031558048529E-003
         538   5.9884498456042358E-003
         539   7.5149706376280946E-003
         540   6.3150437440362504E-003
         541   7.1706396213225563E-003
         542   8.4927498678708403E-003
         543   7.4324395571371913E-003
         544   6.8190737253612538E-003
         545   6.2024264739581345E-003
         546   6.2258140096471178E-003
         547   5.9530675985954391E-003
         548   5.4655915366138381E-003
         549   5.0517039739898214E-003
         550   5.9072042515677979E-003
         551   7.4476370086279100E-003
         552   6.2294248241485184E-003
         553   7.0944812962770104E-003
         554   8.4261934516673929E-003
         555   7.3521278449586881E-003
         556   6.7339309526151889E-003
         557   6.1053518217301988E-003
         558   6.1293779844767528E-003
         559   5.8433577604647948E-003
         560   5.3439106965302435E-003
         561   4.9115246905001636E-003
         562   5.7979191282979160E-003
         563   7.3566282767487494E-003
         564   6.1256109471684904E-003
         565   7.0044046327538663E-003
         566   8.3474974484269108E-003
         567   7.2645854690396557E-003
         568   6.6395728125882188E-003
         569   6.0051212516059266E-003
         570   6.0245320816029232E-003
         571   5.7371509710813342E-003
         572   5.2342018805117936E-003
         573   4.7931916495897939E-003
         574   5.7057918324968804E-003
         575   7.2795800452612617E-003
         576   6.0345822514883416E-003
         577   6.9282425231130184E-003
         578   8.2826464306472759E-003
         579   7.1949250587316797E-003
         580   6.5636517563471978E-003
         581   5.9165091986373699E-003
         582   5.9460885717939477E-003
         583   5.6447859584310240E-003
         584   5.1418536800919446E-003
         585   4.6848778274144499E-003
         586   5.6160015471866049E-003
         587   7.2082709563500470E-003
         588   5.9494127025232811E-003
         589   6.8615008979248946E-003
         590   8.2308824334975366E-003
         591   7.1293202712279149E-003
         592   6.4909591521952296E-003
         593   5.8405279577942700E-003
         594   5.8677363615970606E-003
         595   5.5678097393272209E-003
         596   5.0567706582154088E-003
         597   4.6041528379514255E-003
         598   5.5455721748285348E-003
         599   7.1538581092994652E-003
         600   5.8804465365675206E-003
         601   6.8072604064263005E-003
         602   8.1827714546811176E-003
         603   7.0746513792747682E-003
         604   6.4416082122764140E-003
         605   5.7831348780274447E-003
         606   5.8080368933111333E-003
         607   5.5103986839321484E-003
         608   4.9941958337121209E-003
         609   4.5238522920755617E-003
         610   5.4890673044982081E-003
         611   7.1099835461576168E-003
         612   5.8312308672108142E-003
         613   6.7660666045912246E-003
         614   8.1488940717620896E-003
         615   7.0871042995655819E-003
         616   6.3556162389153395E-003
         617   5.7089863266661239E-003
         618   5.7446441457822866E-003
         619   5.4475682302323461E-003
         620   4.9304108642315688E-003
         621   4.4475576738681700E-003
         622   5.4308570321007143E-003
         623   7.0562446060766573E-003
         624   5.7666675445701377E-003
         625   6.7165272236842143E-003
         626   8.1001494723966332E-003
         627   7.0328882488252670E-003
         628   6.2976084250180378E-003
         629   5.6449200017286046E-003
         630   5.6811789203414760E-003
         631   5.3852549738360542E-003
         632   4.8603649819566079E-003
         633   4.3784112646105232E-003
         634   5.3718407067727967E-003
         635   7.0141351415094295E-003
         636   5.7135022024812198E-003
         637   6.6749864018793076E-003
         638   8.0670787930682917E-003
         639   6.9892324942592496E-003
         640   6.2575684590975515E-003
         641   5.6005282719685523E-003
         642   5.6382824941469626E-003
         643   5.3332213184718799E-003
         644   4.8083150138745730E-003
         645   4.3113917696522034E-003
         646   5.3114237816319458E-003
         647   6.9672866025183959E-003
         648   5.6561188200675693E-003
         649   6.6287343095516706E-003
         650   8.0270391766154928E-003
         651   6.9431101904713181E-003
         652   6.2120136028661812E-003
         653   5.5450904349837408E-003
         654   5.5868157946721304E-003
         655   5.2794243690822366E-003
         656   4.7473244970478758E-003
         657   4.2482265555120885E-003
         658   5.2636092469286033E-003
         659   6.9306661342442115E-003
         660   5.6142890624985044E-003
         661   6.5952633459815148E-003
         662   8.0009643434350575E-003
         663   6.9136796574238652E-003
         664   6.1734401969349567E-003
         665   5.5103727370993203E-003
         666   5.5465923146284660E-003
         667   5.2405685615864693E-003
         668   4.7043387737794699E-003
         669   4.2025279268962223E-003
         670   5.2291905294750973E-003
         671   6.8977145169795400E-003
         672   5.5702715012455137E-003
         673   6.5645478044978551E-003
         674   7.9707502421856747E-003
         675   6.8763535198718079E-003
         676   6.1401365091501908E-003
         677   5.4703950401695954E-003
         678   5.5112871387128738E-003
         679   5.1984250935060462E-003
         680   4.6547810403788021E-003
         681   4.1495360967179033E-003
         682   5.1807773142509370E-003
         683   6.8646638629920320E-003
         684   5.5320810539305912E-003
         685   6.5331129193114375E-003
         686   7.9459599855382142E-003
         687   6.8443598879205300E-003
         688   6.1056985114610659E-003
         689   5.4296048866739419E-003
         690   5.4662778839843088E-003
         691   5.1583252119456555E-003
         692   4.6190354852406346E-003
         693   4.0998718768461683E-003
         694   5.1481186382210968E-003
         695   6.8386060489645829E-003
         696   5.4971935159479242E-003
         697   6.5059846130535596E-003
         698   7.9216233684739727E-003
         699   6.8215700777896297E-003
         700   6.0806261229333159E-003
         701   5.4034914953785835E-003
         702   5.4486912524428985E-003
         703   5.1334039552007743E-003
         704   4.5862280665163848E-003
         705   4.0702117220395703E-003
         706   5.1217305487824497E-003
         707   6.8237674042667508E-003
         708   5.4754598083977179E-003
         709   6.4884118349299103E-003
         710   7.9084175373923624E-003
         711   6.8015456883153344E-003
         712   6.0571971241261532E-003
         713   5.3747437581912845E-003
         714   5.4113170625822906E-003
         715   5.0967073837256465E-003
         716   4.5491392946151749E-003
         717   4.0168259374451813E-003
         718   5.0867653006750804E-003
         719   6.7880672287073274E-003
         720   5.4391083900673194E-003
         721   6.4559106259377786E-003
         722   7.8796571386058351E-003
         723   6.7722016127200772E-003
         724   6.0237590827550225E-003
         725   5.3380686721110401E-003
         726   5.3763825035455619E-003
         727   5.0612463608836694E-003
         728   4.5026372164912861E-003
         729   3.9708678707025625E-003
         730   5.0469177162024972E-003
         731   6.7685049759660379E-003
         732   5.4098752146022741E-003
         733   6.4376641373972490E-003
         734   7.8625659773741974E-003
         735   6.7494143822961171E-003
         736   6.0070537158044930E-003
         737   5.3183565009223988E-003
         738   5.3589649551920391E-003
         739   5.0390970232812764E-003
         740   4.4778751032348253E-003
         741   3.9501720735246222E-003
         742   5.0276552334342153E-003
         743   6.7506154814489421E-003
         744   5.3832139203759009E-003
         745   6.4160013295145339E-003
         746   7.8486673793976575E-003
         747   6.7314263928614304E-003
         748   5.9856004118414201E-003
         749   5.3008741566188755E-003
         750   5.3394465699304304E-003
         751   5.0173306995375984E-003
         752   4.4594604609092068E-003
         753   3.9243895800339839E-003
         754   5.0065523061210678E-003
         755   6.7308992367792614E-003
         756   5.3677906315469856E-003
         757   6.4057740931000740E-003
         758   7.8390866204861645E-003
         759   6.7184366622504736E-003
         760   5.9648754588718855E-003
         761   5.2746839161416587E-003
         762   5.3144218326162153E-003
         763   5.0061348198477094E-003
         764   4.4399309280721720E-003
         765   3.8944516427292103E-003
         766   4.9881951469526167E-003
         767   6.7214499998903216E-003
         768   5.3518169171908056E-003
         769   6.3897455228534312E-003
         770   7.8189905606343823E-003
         771   6.7034741905503160E-003
         772   5.9554068332037845E-003
         773   5.2586559847332117E-003
         774   5.3123762898214686E-003
         775   4.9775399479912337E-003
         776   4.4212958635099489E-003
         777   3.8582542669276408E-003
         778   4.9753536874127561E-003
         779   6.7079964304807829E-003
         780   5.3327214170844125E-003
         781   4.9255946024940505E-003
         782   5.9905439703957473E-003
         783   8.0326828414951611E-003
         784   6.6986716065156240E-003
         785   5.6100407417605802E-003
         786   4.9362535183261214E-003
         787   5.0633146890142937E-003
         788   4.7899423934678886E-003
         789   4.2586753895278847E-003
         790   5.2037601192091954E-003
         791   6.8134181253925322E-003
         792   5.4103029340712783E-003
         793   4.9091289368293437E-003
         794   5.9970348566758119E-003
         795   7.9794208714662751E-003
         796   6.5853168051766033E-003
         797   5.6012891868727288E-003
         798   4.9464012748952572E-003
         799   5.0719373999498201E-003
         800   4.8108469409733328E-003
         801   4.2855280749555273E-003
         802   5.1964275849917885E-003
         803   6.8111087160540327E-003
         804   5.4037394452541602E-003
         805   4.9045978274354961E-003
         806   4.3833218168196448E-003
         807   6.1942363168916480E-003
         808   7.9195082383866442E-003
         809   6.3895271156934981E-003
         810   5.3260315644247692E-003
         811   4.6956218555287334E-003
         812   4.9020829290399902E-003
         813   4.6675915899306560E-003
         814   5.5066269059079725E-003
         815   6.9804691264309772E-003
         816   5.5388960154122563E-003
         817   4.9825820520341133E-003
         818   4.3704340580981490E-003
         819   6.1927326815570879E-003
         820   7.8660418411319079E-003
         821   6.2737196637904658E-003
         822   5.3191469167480458E-003
         823   4.7160319188367522E-003
         824   4.9097804216577086E-003
         825   4.6926496219033770E-003
         826   5.5215488895480310E-003
         827   6.9864277836072675E-003
         828   5.5521730829429213E-003
         829   4.9889359128336037E-003
         830   4.3655581437583354E-003
         831   4.6429242179645870E-003
         832   6.0608506258856519E-003
         833   7.6642868757453523E-003
         834   6.1355058052703438E-003
         835   5.1130392590457941E-003
         836   4.5384598383282999E-003
         837   4.7994172868289740E-003
         838   5.8457829524994308E-003
         839   7.2251215054347680E-003
         840   5.7564444634346330E-003
         841   5.1391798490890359E-003
         842   4.4707582707580878E-003
         843   4.6443616331648882E-003
         844   6.0596039711834004E-003
         845   7.6095608552552612E-003
         846   6.0242183903211890E-003
         847   5.1043123744129275E-003
         848   4.5512958975319805E-003
         849   4.8100330543752092E-003
         850   5.8596130376406133E-003
         851   7.2452664179551820E-003
         852   5.7705709113169924E-003
         853   5.1537716344003280E-003
         854   4.4811741131753425E-003
         855   4.6505244585794726E-003
         856   4.4654369374633298E-003
         857   5.7336204745501614E-003
         858   7.4634478582450503E-003
         859   5.9501639950823417E-003
         860   4.9584442967746788E-003
         861   4.4121368363332853E-003
         862   5.9396426408932536E-003
         863   7.4769018063934557E-003
         864   6.0470604059379950E-003
         865   5.3705502375983446E-003
         866   4.6389170316592501E-003
         867   4.7319893621758004E-003
         868   4.4620783451077015E-003
         869   5.7219205791031536E-003
         870   7.4080866699228224E-003
         871   5.8272980007848989E-003
         872   4.9441244650901238E-003
         873   4.4343901998111033E-003
         874   5.9492175870193790E-003
         875   7.4910222664827881E-003
         876   6.0658893656266180E-003
         877   5.3886370161089717E-003
         878   4.6490776229905313E-003
         879   4.7443870226432424E-003
         880   4.4647026409390042E-003
         881   3.9874077807131002E-003
         882   5.4645123802892839E-003
         883   7.3127962468676677E-003
         884   5.8193897044606750E-003
         885   4.8538783119794343E-003
         886   5.6410556796585966E-003
         887   7.5588207419788689E-003
         888   6.3555991333156051E-003
         889   5.6814097539425058E-003
         890   4.8952677319093439E-003
         891   4.9040848917517553E-003
         892   4.5640354515780312E-003
         893   4.0004015272339733E-003
         894   5.4565544682691177E-003
         895   7.2639943513538646E-003
         896   5.7063085993952290E-003
         897   4.8586406355341262E-003
         898   5.6610191484535522E-003
         899   7.5700525133698899E-003
         900   6.3827674155292570E-003
         901   5.7247044110549832E-003
         902   4.9643496250673580E-003
         903   5.0282865988104317E-003
         904   4.8107105242453903E-003
         905   4.3751107761159412E-003
         906   4.0816060136538339E-003
         907   5.6271741875208430E-003
         908   7.4891347956421361E-003
         909   6.0752539137228908E-003
         910   6.2924679358211137E-003
         911   7.5596913913701536E-003
         912   6.6985375640112622E-003
         913   6.2704326577466621E-003
         914   5.5261899215946712E-003
         915   5.4338162359336131E-003
         916   5.0392977156147323E-003
         917   4.4624285154476334E-003
         918   3.9973524864553352E-003
         919   5.5157924029329806E-003
         920   7.3550938513327994E-003
         921   5.8638667542808892E-003
         922   6.2093915103493000E-003
         923   7.5272810520606772E-003
         924   6.6749953370513091E-003
         925   6.2536737380220970E-003
         926   5.5231079683910663E-003
         927   5.4288597943755162E-003
         928   5.0291747472287250E-003
         929   4.4457198782167969E-003
         930   3.9697355810253635E-003
         931   3.6900988792207029E-003
         932   5.3495094164186033E-003
         933   7.3306423985687024E-003
         934   6.9105185108687362E-003
         935   7.7701186123629116E-003
         936   6.3837603106768684E-003
         937   6.3213448603018077E-003
         938   5.8164395137962214E-003
         939   5.6947563698423317E-003
         940   5.2239233972852300E-003
         941   4.5736529366372869E-003
         942   4.0291336025782189E-003
         943   3.6247633834062764E-003
         944   5.3193315813970243E-003
         945   7.2416597694573842E-003
         946   6.7714879671593470E-003
         947   7.7308748108074780E-003
         948   6.3572455680207902E-003
         949   6.2903242605903773E-003
         950   5.7908613808034725E-003
         951   5.6780512904938433E-003
         952   5.1858593201463800E-003
         953   4.5272918684090020E-003
         954   3.9747382387747996E-003
         955   3.5554327367082260E-003
         956   5.2549887131320859E-003
         957   7.1978620385919952E-003
         958   6.6617030452366744E-003
         959   7.7287982962103820E-003
         960   6.3449759009385886E-003
         961   6.2653942502521025E-003
         962   5.7643203274636342E-003
         963   5.6402529953843853E-003
         964   5.1445982493070561E-003
         965   4.4856117432312730E-003
         966   3.9358935836785337E-003
         967   3.5052977164664943E-003
         968   5.2193287392818862E-003
         969   7.1744428879026460E-003
         970   6.6369474803545589E-003
         971   7.7049833031760375E-003
         972   6.3156845075968641E-003
         973   6.2363905978588558E-003
         974   5.7330185638271242E-003
         975   5.6172087669369561E-003
         976   5.1136641249974815E-003
         977   4.4518304800167654E-003
         978   3.8914382554197722E-003
         979   3.4596388136663475E-003
         980   5.1910760406879896E-003
         981   7.1540251207406593E-003
         982   6.6122100907502566E-003
         983   7.6884233890819123E-003
         984   6.2946140529259410E-003
         985   6.2190328622923610E-003
         986   5.7146090263665364E-003
         987   5.5890523246929667E-003
         988   5.0871857382109049E-003
         989   4.4172911685887630E-003
         990   3.8479151513155152E-003
         991   3.4242567025444173E-003
         992   5.1625025156219672E-003
         993   7.1351466399770403E-003
         994   6.5907492104832158E-003
         995   7.6763165755069111E-003
         996   6.2766821651953882E-003
         997   6.1917359587707888E-003
         998   5.6858856700914900E-003
         999   5.5678807294278904E-003
        1000   5.0735207000757324E-003
        1001   4.3962333521736403E-003
        1002   3.8273911314862293E-003
        1003   3.3942323248172600E-003
        1004   5.1450941779939063E-003
        1005   7.1266992205316279E-003
        1006   6.5754063516168040E-003
        1007   7.6598972413944007E-003
        1008   6.2609150451280147E-003
        1009   6.1816285570245278E-003
        1010   5.6745281070956916E-003
        1011   5.5551374925733397E-003
        1012   5.0457829446166084E-003
        1013   4.3810212176447960E-003
        1014   3.8066687876264689E-003
        1015   3.3749412628717875E-003
        1016   3.1780558136486801E-003
        1017   5.0367320172806642E-003
        1018   7.9791656115179525E-003
        1019   8.2178672993372809E-003
        1020   6.5431983569127399E-003
        1021   5.8680617207596975E-003
        1022   5.7545069384286286E-003
        1023   5.8651049174798971E-003
        1024   5.3652723444962865E-003
        1025   4.6150532713495531E-003
        1026   3.9885540737162554E-003
        1027   3.5043547121276358E-003
        1028   3.1262803726572782E-003
        1029   5.0556135376588311E-003
        1030   7.9276301577221615E-003
        1031   8.1298890516178154E-003
        1032   6.5345727047332637E-003
        1033   5.8789477853765067E-003
        1034   5.7619866827245533E-003
        1035   5.8721363458478365E-003
        1036   5.3917061777425642E-003
        1037   4.6339934207969202E-003
        1038   4.0042728428070842E-003
        1039   3.5055170484631229E-003
        1040   3.1738314229300475E-003
        1041   3.0564689704470930E-003
        1042   6.1520231871207229E-003
        1043   9.2671164601898139E-003
        1044   7.2322051053115436E-003
        1045   6.2122472092890910E-003
        1046   5.4483330355871015E-003
        1047   5.9701476733989341E-003
        1048   5.7090232176824230E-003
        1049   4.9892640329789019E-003
        1050   4.2658434128181053E-003
        1051   3.6898022564586992E-003
        1052   3.2744923651169236E-003
        1053   2.9581602697669892E-003
        1054   6.1428748925011116E-003
        1055   9.2172666357397542E-003
        1056   7.1788252743383305E-003
        1057   6.2708493395513829E-003
        1058   5.5081090112676203E-003
        1059   6.0010066805205615E-003
        1060   5.7361340584443313E-003
        1061   5.0162133263555704E-003
        1062   4.2914576017997379E-003
        1063   3.7358532359994213E-003
        1064   3.2823099999148243E-003
        1065   2.9798886429887321E-003
        1066   4.5925860163306626E-003
        1067   7.7058434354389622E-003
        1068   8.3663933797530985E-003
        1069   6.8990776646494605E-003
        1070   5.7938707312067163E-003
        1071   5.6540953096953063E-003
        1072   5.8137860418399842E-003
        1073   5.3492210800484882E-003
        1074   4.6626509635367443E-003
        1075   4.0027131665974405E-003
        1076   3.4951515776695244E-003
        1077   3.1155446593074325E-003
        1078   4.5817904157531503E-003
        1079   7.7323011193993901E-003
        1080   8.3298690523351399E-003
        1081   6.8108964227770004E-003
        1082   5.7959058754214953E-003
        1083   5.6883699153852446E-003
        1084   5.8388603617248267E-003
        1085   5.3950799267080754E-003
        1086   4.7377668245944873E-003
        1087   4.0754171914193175E-003
        1088   3.5667905406332771E-003
        1089   3.1959139682973237E-003
        1090   4.6311202057052244E-003
        1091   6.5875424214666195E-003
        1092   6.6723025147303059E-003
        1093   8.1457831907812677E-003
        1094   6.5841388997584949E-003
        1095   6.0477047156239760E-003
        1096   5.5569763377266825E-003
        1097   5.5238203707866718E-003
        1098   5.1196717634324485E-003
        1099   4.5000614163403074E-003
        1100   3.9049918116937344E-003
        1101   3.4528337827057637E-003
        1102   4.7461896823478124E-003
        1103   6.6035494052384862E-003
        1104   6.7006490265309609E-003
        1105   8.1066111826428259E-003
        1106   6.4964690164963854E-003
        1107   6.0631952982641768E-003
        1108   5.5990855262927118E-003
        1109   5.5714327101893633E-003
        1110   5.1669566631847401E-003
        1111   4.5550944958459684E-003
        1112   3.9501293102762545E-003
        1113   3.5089530415355302E-003
        1114   4.7752717181147441E-003
        1115   6.6172159449317362E-003
        1116   5.3361541424358861E-003
        1117   6.3844838776316703E-003
        1118   7.8628493860223407E-003
        1119   6.7981391251791005E-003
        1120   5.9331465293704314E-003
        1121   5.2191689466998311E-003
        1122   5.2665515302956125E-003
        1123   4.9331634513092746E-003
        1124   4.3536981563702653E-003
        1125   3.8000858535509343E-003
        1126   4.9279885448158499E-003
        1127   6.6809674006497169E-003
        1128   5.3185703068147358E-003
        1129   6.3681169571358168E-003
        1130   7.8023298178334817E-003
        1131   6.6786688299009384E-003
        1132   5.9253914861233147E-003
        1133   5.2371267769873615E-003
        1134   5.2664145214391537E-003
        1135   4.9425046075623202E-003
        1136   4.3757973774756105E-003
        1137   3.8166798535027289E-003
        1138   4.9408619339577926E-003
        1139   6.6980169578272023E-003
        1140   5.3328243744830721E-003
        1141   4.9218755652327435E-003
        1142   5.9962795253419767E-003
        1143   8.0300721420266240E-003
        1144   6.6760942586111946E-003
        1145   5.5990483585833788E-003
        1146   4.9389210244802457E-003
        1147   5.0615502203993903E-003
        1148   4.7932264318532080E-003
        1149   4.2563942859171295E-003
        1150   5.1732324065301019E-003
        1151   6.7953463000038367E-003
        1152   5.4016957841929066E-003
        1153   4.9022714537075001E-003
        1154   6.0006088809610673E-003
        1155   7.9776017201823347E-003
        1156   6.5772188448711333E-003
        1157   5.6017530474622356E-003
        1158   4.9492531932223954E-003
        1159   5.0705428255234022E-003
        1160   4.7972583168173107E-003
        1161   4.2768171007324827E-003
        1162   5.1811812003437555E-003
        1163   6.8091269960618359E-003
        1164   5.4169237252200938E-003
        1165   4.9026295378070154E-003
        1166   4.3903995301367311E-003
        1167   6.1871949629057725E-003
        1168   7.9102576625438518E-003
        1169   6.3711212976226683E-003
        1170   5.3305165023576828E-003
        1171   4.7019091180339756E-003
        1172   4.9004771489262597E-003
        1173   4.6707001752240166E-003
        1174   5.4830836764475184E-003
        1175   6.9538805190664191E-003
        1176   5.5314365283488055E-003
        1177   4.9767540470969660E-003
        1178   4.3753850201707504E-003
        1179   6.1918706345580098E-003
        1180   7.8597121121306932E-003
        1181   6.2480857072551854E-003
        1182   5.2946082669394854E-003
        1183   4.7003701451438324E-003
        1184   4.8940345105774078E-003
        1185   4.6758071666542691E-003
        1186   5.5066155911562770E-003
        1187   6.9650994128928057E-003
        1188   5.5363989804131835E-003
        1189   4.9710357801110881E-003
        1190   4.3568247425941758E-003
        1191   4.6324773067871602E-003
        1192   6.0397628666697834E-003
        1193   7.6536819474734051E-003
        1194   6.1439491452019166E-003
        1195   5.1151668279185323E-003
        1196   4.5281128721365816E-003
        1197   4.7995775779044450E-003
        1198   5.8341260447570004E-003
        1199   7.2179706152067759E-003
        1200   5.7564638619560776E-003
        1201   5.1505408203906707E-003
        1202   4.4862250450397583E-003
        1203   4.6524481589681069E-003
        1204   6.0612761837447616E-003
        1205   7.6117858978470209E-003
        1206   6.0089635097932389E-003
        1207   5.1033187843048822E-003
        1208   4.5615725473293674E-003
        1209   4.8481277110997648E-003
        1210   5.8815148739682606E-003
        1211   7.2532345671638201E-003
        1212   5.7791604986186943E-003
        1213   5.1625601694316467E-003
        1214   4.4897654712568380E-003
        1215   4.6562889282955686E-003
        1216   4.4704499303818302E-003
        1217   5.7189048434684291E-003
        1218   7.4615527497190063E-003
        1219   5.9374250474945852E-003
        1220   4.9457396549454887E-003
        1221   4.4085526486324000E-003
        1222   5.9369494671905202E-003
        1223   7.4676096384669339E-003
        1224   6.0446245180208911E-003
        1225   5.3638326118031583E-003
        1226   4.6478725660966070E-003
        1227   4.7182384539666443E-003
        1228   4.4268822953044814E-003
        1229   5.6935808605329662E-003
        1230   7.3796526713981779E-003
        1231   5.7905461118918939E-003
        1232   4.9135049164821115E-003
        1233   4.4077739487961608E-003
        1234   5.9161064804403177E-003
        1235   7.4587495673713771E-003
        1236   6.0347135258208284E-003
        1237   5.3268322947509737E-003
        1238   4.6030468110039380E-003
        1239   4.7032657851742250E-003
        1240   4.4260530186861257E-003
        1241   3.9591069675100022E-003
        1242   5.4152667618390920E-003
        1243   7.2791907430697972E-003
        1244   5.7669694282385638E-003
        1245   4.8006239876338345E-003
        1246   5.5867889017138777E-003
        1247   7.5229923180427927E-003
        1248   6.3189105151406841E-003
        1249   5.6383455620654605E-003
        1250   4.8405407714537316E-003
        1251   4.8547236078828344E-003
        1252   4.4920033950622967E-003
        1253   3.9167879970997063E-003
        1254   5.3979260175937962E-003
        1255   7.2293406856085160E-003
        1256   5.6544246264723054E-003
        1257   4.8011980213084502E-003
        1258   5.6045539374752016E-003
        1259   7.5218692299550624E-003
        1260   6.3191378940188545E-003
        1261   5.6478214554767717E-003
        1262   4.8454828623977946E-003
        1263   4.8486695195063987E-003
        1264   4.4942078006366838E-003
        1265   3.9199357780091591E-003
        1266   3.5116093734213465E-003
        1267   5.1756424841837255E-003
        1268   7.1557644813801087E-003
        1269   5.6608132652544484E-003
        1270   5.9244169913757160E-003
        1271   7.2841996500323646E-003
        1272   6.4103397802536119E-003
        1273   5.9488651205790851E-003
        1274   5.1733853038799090E-003
        1275   5.0520890783954404E-003
        1276   4.6405690376221369E-003
        1277   4.0067779997829045E-003
        1278   3.4985491326648137E-003
        1279   5.1710229340533155E-003
        1280   7.0929401378073288E-003
        1281   5.5265210013515807E-003
        1282   5.9125084381098231E-003
        1283   7.2727934851271039E-003
        1284   6.3918571629095521E-003
        1285   5.9602808003040506E-003
        1286   5.1933004629547367E-003
        1287   5.0788215443417833E-003
        1288   4.6630578087278503E-003
        1289   4.0060587856493024E-003
        1290   3.4731951317898331E-003
        1291   3.1292535841280006E-003
        1292   5.0094476381224544E-003
        1293   7.0693151048147633E-003
        1294   6.6366678069319516E-003
        1295   7.5336243238349485E-003
        1296   6.1038457499569751E-003
        1297   6.0314792650850739E-003
        1298   5.5045219246520043E-003
        1299   5.3741936187090555E-003
        1300   4.8637992721236112E-003
        1301   4.1760101228334682E-003
        1302   3.5970801445990097E-003
        1303   3.1386691126999320E-003
        1304   5.0024668623818930E-003
        1305   7.0072407726364536E-003
        1306   6.5231601539905053E-003
        1307   7.5245482957718010E-003
        1308   6.1022048115066414E-003
        1309   6.0335174293668506E-003
        1310   5.5211610604190093E-003
        1311   5.4152770603419324E-003
        1312   4.8848425958185459E-003
        1313   4.1833849940088198E-003
        1314   3.5907434380260889E-003
        1315   3.1075839327741558E-003
        1316   2.8461073991223828E-003
        1317   4.9052884754020778E-003
        1318   7.8867677947714702E-003
        1319   8.1180481197399013E-003
        1320   6.4209991479535836E-003
        1321   5.7243849995065902E-003
        1322   5.6054436105944239E-003
        1323   5.7098515004108735E-003
        1324   5.2141939788108334E-003
        1325   4.4362158478457219E-003
        1326   3.7749945110047115E-003
        1327   3.2450973579061901E-003
        1328   2.8396576154263325E-003
        1329   4.8803210882888449E-003
        1330   7.8182855954770560E-003
        1331   8.0139991817299947E-003
        1332   6.3997591094295571E-003
        1333   5.7404194649795801E-003
        1334   5.6204408852611231E-003
        1335   5.7357158816301662E-003
        1336   5.2292885637002066E-003
        1337   4.4481672342650434E-003
        1338   3.7987717611079829E-003
        1339   3.2420145302298198E-003
        1340   2.8363914331979720E-003
        1341   2.6625537560726873E-003
        1342   6.0115368198858012E-003
        1343   9.1577213660252593E-003
        1344   7.0935751353848617E-003
        1345   6.0624118379783865E-003
        1346   5.2756670550324321E-003
        1347   5.8173608543355074E-003
        1348   5.5567344779202284E-003
        1349   4.8230065142934007E-003
        1350   4.0866747848205456E-003
        1351   3.4785832142015327E-003
        1352   2.9871508621369435E-003
        1353   2.6507541834709437E-003
        1354   6.0025014600581092E-003
        1355   9.1099140139217945E-003
        1356   6.9872112076215642E-003
        1357   6.0508707851122537E-003
        1358   5.2891949932599679E-003
        1359   5.8248665044086188E-003
        1360   5.5764111651673016E-003
        1361   4.8325105603191183E-003
        1362   4.0830899191735357E-003
        1363   3.4766645826447909E-003
        1364   3.0018732722044391E-003
        1365   2.6830449419839200E-003
        1366   4.3925270628427330E-003
        1367   7.6174070167367739E-003
        1368   8.2670649495578310E-003
        1369   6.7710162426579618E-003
        1370   5.6394152337289416E-003
        1371   5.5090798343603057E-003
        1372   5.6639577898251713E-003
        1373   5.1957733073722196E-003
        1374   4.4829638200381324E-003
        1375   3.7969890275509110E-003
        1376   3.2447973013492891E-003
        1377   2.8195828129860354E-003
        1378   4.3840185944580123E-003
        1379   7.6106463728983133E-003
        1380   8.2248024770363616E-003
        1381   6.6772232029217475E-003
        1382   5.6377961916896082E-003
        1383   5.5235880273502205E-003
        1384   5.6734449281384243E-003
        1385   5.2080042495249706E-003
        1386   4.5076216060639237E-003
        1387   3.8052062413834551E-003
        1388   3.2513318096567372E-003
        1389   2.8381809149707004E-003
        1390   4.3880275714804498E-003
        1391   6.4129792415002678E-003
        1392   6.5161143691223316E-003
        1393   7.9989065243670516E-003
        1394   6.4042771387885482E-003
        1395   5.8717456982986258E-003
        1396   5.3592010816706772E-003
        1397   5.3141572573726630E-003
        1398   4.8859772607727078E-003
        1399   4.2410971642500859E-003
        1400   3.5755072348766749E-003
        1401   3.0940992900111786E-003
        1402   4.4851105561035257E-003
        1403   6.4109954510694058E-003
        1404   6.5148359843170836E-003
        1405   7.9543709816100178E-003
        1406   6.2956903583329150E-003
        1407   5.8607659785262847E-003
        1408   5.3648636510458397E-003
        1409   5.3197055062374193E-003
        1410   4.9248340507443917E-003
        1411   4.2789059355009453E-003
        1412   3.6225155305024135E-003
        1413   3.1109325268343486E-003
        1414   4.4972975954044427E-003
        1415   6.4182940578757803E-003
        1416   5.0684012764254478E-003
        1417   6.1767667093308772E-003
        1418   7.6975622108249216E-003
        1419   6.6015563075587005E-003
        1420   5.7171709085467150E-003
        1421   4.9709170003177251E-003
        1422   5.0216297497100403E-003
        1423   4.6627900908259865E-003
        1424   4.0489656211889534E-003
        1425   3.4471090316070085E-003
        1426   4.6669047146830813E-003
        1427   6.4954425170106293E-003
        1428   5.0671857756377789E-003
        1429   6.1719291743153309E-003
        1430   7.6441817086874333E-003
        1431   6.4926478570405998E-003
        1432   5.7089922379133734E-003
        1433   4.9918874289494458E-003
        1434   5.0328074488319892E-003
        1435   4.6880393562787597E-003
        1436   4.0919925308872283E-003
        1437   3.4733911837692452E-003
        1438   4.6711735969114940E-003
        1439   6.4898582552834318E-003
        1440   5.0869403622060072E-003
        1441   4.6376329528448491E-003
        1442   5.7830290732488552E-003
        1443   7.8562856742717384E-003
        1444   6.4696341275020525E-003
        1445   5.3692451851801524E-003
        1446   4.6556199691659660E-003
        1447   4.8021547535001012E-003
        1448   4.5034246528991382E-003
        1449   3.9349710402829434E-003
        1450   4.9188880288819695E-003
        1451   6.6032183992276866E-003
        1452   5.1587117703849978E-003
        1453   4.6255134473395234E-003
        1454   5.7787347485248729E-003
        1455   7.8161768994580143E-003
        1456   6.3752754237205340E-003
        1457   5.3655040235225764E-003
        1458   4.6875435199969446E-003
        1459   4.8101330882040095E-003
        1460   4.5236391330050326E-003
        1461   3.9720682579232917E-003
        1462   4.9384904241059728E-003
        1463   6.6220098724898147E-003
        1464   5.1750393462725690E-003
        1465   4.6340830480255642E-003
        1466   4.0855298160841604E-003
        1467   5.9913897067256083E-003
        1468   7.7544812711419350E-003
        1469   6.1720103470910273E-003
        1470   5.0974323821367830E-003
        1471   4.4474673292972744E-003
        1472   4.6517395122234973E-003
        1473   4.3965997544690031E-003
        1474   5.2685792380237160E-003
        1475   6.7819460748696049E-003
        1476   5.3135120332179426E-003
        1477   4.7298629003684591E-003
        1478   4.0834561839131747E-003
        1479   5.9919439074173839E-003
        1480   7.7038738453585670E-003
        1481   6.0512581605880553E-003
        1482   5.0760787304887792E-003
        1483   4.4424998658598802E-003
        1484   4.6605404560093626E-003
        1485   4.4437923591481377E-003
        1486   5.3088767616583698E-003
        1487   6.8040605110289238E-003
        1488   5.3267618504248470E-003
        1489   4.7357512721413579E-003
        1490   4.0937748753903424E-003
        1491   4.3721294840775218E-003
        1492   5.8555404962197270E-003
        1493   7.5014166497830220E-003
        1494   5.9290574413166071E-003
        1495   4.8803569550613449E-003
        1496   4.2620969463592548E-003
        1497   4.5463845077287242E-003
        1498   5.6283862505977847E-003
        1499   7.0496336537739113E-003
        1500   5.5463009631814796E-003
        1501   4.9064431245839897E-003
        1502   4.2071855953207922E-003
        1503   4.3811951597080949E-003
        1504   5.8542056816113467E-003
        1505   7.4439943634941842E-003
        1506   5.8082236435915147E-003
        1507   4.8653623812378059E-003
        1508   4.2859205715479525E-003
        1509   4.5616316216539887E-003
        1510   5.6481928507433757E-003
        1511   7.0713169463696452E-003
        1512   5.5530136379724586E-003
        1513   4.9146670251209454E-003
        1514   4.2250395396258864E-003
        1515   4.3971808190149926E-003
        1516   4.1940185803695578E-003
        1517   5.5156402617266747E-003
        1518   7.3017142331378805E-003
        1519   5.7436304596440012E-003
        1520   4.7168294707825775E-003
        1521   4.1456407783026445E-003
        1522   5.7413438637994273E-003
        1523   7.3124868593589156E-003
        1524   5.8571231632640946E-003
        1525   5.1389766503130846E-003
        1526   4.3861531203906777E-003
        1527   4.4866264888102992E-003
        1528   4.1893821072327957E-003
        1529   5.5215340930561971E-003
        1530   7.2566102607063525E-003
        1531   5.6222646613699875E-003
        1532   4.7094791717807016E-003
        1533   4.1697637932796789E-003
        1534   5.7500414512584282E-003
        1535   7.3336985419301401E-003
        1536   5.8813103747507485E-003
        1537   5.1588983086262048E-003
        1538   4.4105089065885790E-003
        1539   4.5005947873869231E-003
        1540   4.1955773641179934E-003
        1541   3.6923008881903619E-003
        1542   5.2429486966024648E-003
        1543   7.1534136374528526E-003
        1544   5.6177820444734189E-003
        1545   4.6227862216865079E-003
        1546   5.4364323044580817E-003
        1547   7.4044093103312154E-003
        1548   6.1734724357247941E-003
        1549   5.4804843990116595E-003
        1550   4.6576483792575597E-003
        1551   4.6675679134257960E-003
        1552   4.3070242442406438E-003
        1553   3.7093993675938615E-003
        1554   5.2434026490775680E-003
        1555   7.0967011005425356E-003
        1556   5.4812748565494507E-003
        1557   4.6037708116795605E-003
        1558   5.4536203088943825E-003
        1559   7.4221052469326644E-003
        1560   6.2058365711590647E-003
        1561   5.5192102900504811E-003
        1562   4.6769447208173361E-003
        1563   4.6834716604751562E-003
        1564   4.3227092866767267E-003
        1565   3.7114198833747827E-003
        1566   3.2687552756201642E-003
        1567   5.0466231740537455E-003
        1568   7.0509070743408246E-003
        1569   5.5276734052223473E-003
        1570   5.7926685309877980E-003
        1571   7.1722395416455231E-003
        1572   6.2817483583201611E-003
        1573   5.8277021465486609E-003
        1574   5.0439447740514539E-003
        1575   4.9281973476985475E-003
        1576   4.5043554574894203E-003
        1577   3.8280198430014215E-003
        1578   3.2738538067315190E-003
        1579   5.0285272551503519E-003
        1580   6.9948679713528741E-003
        1581   5.4151328526495313E-003
        1582   5.7902009218508072E-003
        1583   7.1829985584573553E-003
        1584   6.2918488430248574E-003
        1585   5.8515313865335310E-003
        1586   5.0525552092109379E-003
        1587   4.9358405249663928E-003
        1588   4.5220343493361584E-003
        1589   3.8569446173139137E-003
        1590   3.2857539198290139E-003
        1591   2.9311494953620726E-003
        1592   4.8854028131560300E-003
        1593   6.9822100960511401E-003
        1594   6.5491623558208215E-003
        1595   7.4521655755338300E-003
        1596   6.0097635275296888E-003
        1597   5.9419847218794746E-003
        1598   5.4031003268684430E-003
        1599   5.2760298256568777E-003
        1600   4.7480374741421180E-003
        1601   4.0328103784450092E-003
        1602   3.4328715588028522E-003
        1603   2.9595922490279029E-003
        1604   4.8955183288886565E-003
        1605   6.9347543977369055E-003
        1606   6.4400056394999551E-003
        1607   7.4529071690121037E-003
        1608   6.0209665612841190E-003
        1609   5.9485379227935328E-003
        1610   5.4233783739127883E-003
        1611   5.3102641790512325E-003
        1612   4.7774725625079834E-003
        1613   4.0592562254504368E-003
        1614   3.4382041648881394E-003
        1615   2.9628433999650408E-003
        1616   2.6790377497056712E-003
        1617   4.8009155870172484E-003
        1618   7.8262424646819585E-003
        1619   8.0536282049271986E-003
        1620   6.3400460763675748E-003
        1621   5.6485961477706252E-003
        1622   5.5197862901392135E-003
        1623   5.6313268199551835E-003
        1624   5.1244567737890427E-003
        1625   4.3307775597666420E-003
        1626   3.6544547574941634E-003
        1627   3.1057011090498631E-003
        1628   2.6951937190267459E-003
        1629   4.7913653905122689E-003
        1630   7.7658608967938539E-003
        1631   7.9645993592808977E-003
        1632   6.3389100327550770E-003
        1633   5.6747657251514615E-003
        1634   5.5409768963151423E-003
        1635   5.6521792042599824E-003
        1636   5.1478752091694896E-003
        1637   4.3540611649393194E-003
        1638   3.6866263895614462E-003
        1639   3.1307674119976795E-003
        1640   2.7092430947507143E-003
        1641   2.5038326965476166E-003
        1642   5.9493255735372751E-003
        1643   9.1128272783047078E-003
        1644   7.0341361608170895E-003
        1645   5.9996706937879094E-003
        1646   5.2033430489887558E-003
        1647   5.7522081680992090E-003
        1648   5.5049738091764505E-003
        1649   4.7422219017213777E-003
        1650   3.9735023187852251E-003
        1651   3.3615315449290616E-003
        1652   2.8531743412146520E-003
        1653   2.5018591724027682E-003
        1654   5.9359954312985189E-003
        1655   9.0729928952394193E-003
        1656   6.9356245740895377E-003
        1657   5.9947711258645240E-003
        1658   5.2226912596752047E-003
        1659   5.7652009003714491E-003
        1660   5.5119693726503292E-003
        1661   4.7681161048463315E-003
        1662   4.0125159161745125E-003
        1663   3.3939259275184439E-003
        1664   2.8992685623321153E-003
        1665   2.5268277295581549E-003
        1666   4.3046628164997054E-003
        1667   7.5662143745322888E-003
        1668   8.2314371724036446E-003
        1669   6.7286761126867630E-003
        1670   5.5916325001067616E-003
        1671   5.4540476758685036E-003
        1672   5.6246977518505607E-003
        1673   5.1329019325540987E-003
        1674   4.4113284036221183E-003
        1675   3.7149425546765501E-003
        1676   3.1435409069578558E-003
        1677   2.7225149648753841E-003
        1678   4.3314630571082216E-003
        1679   7.5689648228927193E-003
        1680   8.1827004021751953E-003
        1681   6.6257814912583793E-003
        1682   5.5837501728430213E-003
        1683   5.4652038523428301E-003
        1684   5.6298994774444892E-003
        1685   5.1630804327581353E-003
        1686   4.4473416985957546E-003
        1687   3.7323175235307762E-003
        1688   3.1625880797824008E-003
        1689   2.7250343157208820E-003
        1690   4.3295038265956749E-003
        1691   6.3665960506315089E-003
        1692   6.4817879025028729E-003
        1693   7.9741657193504924E-003
        1694   6.3656014532362231E-003
        1695   5.8211855706917816E-003
        1696   5.3004045586133421E-003
        1697   5.2560400810007400E-003
        1698   4.8294849423028575E-003
        1699   4.1737485741921605E-003
        1700   3.5051812070598818E-003
        1701   2.9930344770928759E-003
        1702   4.4366858348127451E-003
        1703   6.3698009174151084E-003
        1704   6.4741777818997431E-003
        1705   7.9283515540547449E-003
        1706   6.2665468613402183E-003
        1707   5.8165973268582260E-003
        1708   5.3282830045439994E-003
        1709   5.2750703401912803E-003
        1710   4.8607814585581227E-003
        1711   4.2202757419355303E-003
        1712   3.5480314687746321E-003
        1713   3.0354233844526479E-003
        1714   4.4442501687796260E-003
        1715   6.3806105973106125E-003
        1716   5.0171525940968416E-003
        1717   6.1396583279814208E-003
        1718   7.6625438056179638E-003
        1719   6.5609668174049680E-003
        1720   5.6840157889047581E-003
        1721   4.9345490278394737E-003
        1722   4.9791977974007933E-003
        1723   4.6158438677082600E-003
        1724   3.9907677545718643E-003
        1725   3.3870038486875547E-003
        1726   4.6085159192111955E-003
        1727   6.4488787866490366E-003
        1728   5.0224729830533662E-003
        1729   6.1477013403395467E-003
        1730   7.6142803736012742E-003
        1731   6.4587603351594254E-003
        1732   5.6759456439357380E-003
        1733   4.9442441873819272E-003
        1734   4.9817386579422028E-003
        1735   4.6494927258381585E-003
        1736   4.0496583672791015E-003
        1737   3.4245566197543898E-003
        1738   4.6459081477641098E-003
        1739   6.4560489528396854E-003
        1740   5.0280646836141207E-003
        1741   4.5838119629588690E-003
        1742   5.7409957891284237E-003
        1743   7.8299137702761128E-003
        1744   6.4439331167969833E-003
        1745   5.3381482799703733E-003
        1746   4.6228394554817098E-003
        1747   4.7611520109952440E-003
        1748   4.4583298898378636E-003
        1749   3.8877798899666451E-003
        1750   4.8826924003616571E-003
        1751   6.5878337492772301E-003
        1752   5.1308760482728036E-003
        1753   4.5871409301416364E-003
        1754   5.7390041630388028E-003
        1755   7.7841401374438924E-003
        1756   6.3362646733509179E-003
        1757   5.3266022834503012E-003
        1758   4.6385405936001829E-003
        1759   4.7874769702275699E-003
        1760   4.4926673220996340E-003
        1761   3.9288884785747087E-003
        1762   4.8971986003818295E-003
        1763   6.5853552283256381E-003
        1764   5.1300217785513174E-003
        1765   4.6083437455021409E-003
        1766   4.0395420369252269E-003
        1767   5.9684752087637554E-003
        1768   7.7347337825884946E-003
        1769   6.1385016505556252E-003
        1770   5.0470986194319657E-003
        1771   4.3925207377459802E-003
        1772   4.6079362772765446E-003
        1773   4.3561748028086407E-003
        1774   5.2372802322208619E-003
        1775   6.7630808619844962E-003
        1776   5.2830406831554742E-003
        1777   4.6948669333214590E-003
        1778   4.0341520865484030E-003
        1779   5.9588063261033931E-003
        1780   7.6891662509200294E-003
        1781   6.0341874152913706E-003
        1782   5.0409656426313940E-003
        1783   4.4150116485575097E-003
        1784   4.6218111080581934E-003
        1785   4.3996177605051725E-003
        1786   5.2621484860591022E-003
        1787   6.7733749697347356E-003
        1788   5.2945299497938834E-003
        1789   4.7172980318565651E-003
        1790   4.0515889668723019E-003
        1791   4.3381332491612187E-003
        1792   5.8395435983603977E-003
        1793   7.4781402704514489E-003
        1794   5.8920968556050021E-003
        1795   4.8487088501084560E-003
        1796   4.2360887683180887E-003
        1797   4.5117245141583833E-003
        1798   5.5970153081038301E-003
        1799   7.0265975829159966E-003
        1800   5.5107530926291779E-003
        1801   4.8762363167603514E-003
        1802   4.1643535122630072E-003
        1803   4.3467071454074569E-003
        1804   5.8285441847646174E-003
        1805   7.4330721992248534E-003
        1806   5.7807883734266067E-003
        1807   4.8327680593296058E-003
        1808   4.2456893984524060E-003
        1809   4.5291568759653379E-003
        1810   5.6347258898207710E-003
        1811   7.0532322953014729E-003
        1812   5.5341463917142177E-003
        1813   4.8904700388734904E-003
        1814   4.1745074500115584E-003
        1815   4.3622412905978611E-003
        1816   4.1529768526753583E-003
        1817   5.4966460814112389E-003
        1818   7.2811992448317932E-003
        1819   5.7231476392079388E-003
        1820   4.6878648931992463E-003
        1821   4.1193283278199763E-003
        1822   5.7170517251806455E-003
        1823   7.2986973505367826E-003
        1824   5.8396742251764335E-003
        1825   5.1298364345540269E-003
        1826   4.3610724923135507E-003
        1827   4.4551749854529711E-003
        1828   4.1648252873457102E-003
        1829   5.4915983252028788E-003
        1830   7.2257628120750142E-003
        1831   5.6023977800908134E-003
        1832   4.6866297568581806E-003
        1833   4.1446942499882679E-003
        1834   5.7276869987171429E-003
        1835   7.3224946372416073E-003
        1836   5.8582854985497904E-003
        1837   5.1332936449922069E-003
        1838   4.3725563139662988E-003
        1839   4.4811069622277223E-003
        1840   4.1957912337153760E-003
        1841   3.6791526651952693E-003
        1842   5.2241625028751851E-003
        1843   7.1343008459796940E-003
        1844   5.5894371523724238E-003
        1845   4.6036265721422498E-003
        1846   5.4171265729632285E-003
        1847   7.3963673200727574E-003
        1848   6.1672530248879599E-003
        1849   5.4757128265049883E-003
        1850   4.6365113896916993E-003
        1851   4.6466534038066502E-003
        1852   4.2868403234329264E-003
        1853   3.6770982047154518E-003
        1854   5.2294036631208513E-003
        1855   7.1022662699501346E-003
        1856   5.4811482426012645E-003
        1857   4.5922894096794772E-003
        1858   5.4307049497665733E-003
        1859   7.3980242180270777E-003
        1860   6.1804043935352222E-003
        1861   5.4968447744671049E-003
        1862   4.6586634594915303E-003
        1863   4.6674079762221285E-003
        1864   4.3053168696574962E-003
